0	57.3316	33			9.79223
0	58.736	33			5.04764
0	58.736	33			11.3027
0	60.7394	33			5.16764
0	58.736	33			10.71
0	57.3316	33			4.74389
0	71.6142	33			3.6513
0	58.736	33			4.16579
0	57.3316	33			6.0643
0	57.3316	33			13.3477
0	59.2183	33			4.55069
0	57.3316	33			7.36661
0	59.775	33			7.9996
0	101.563	33			2.9103
0	60.6599	33			11.6872
0	65.9357	33			4.20292
0	58.736	33			7.12044
0	58.8156	33			4.76703
0	57.3316	33			17.2421
0	57.3316	33			5.00205
0	57.9069	33			6.99538
0	55.9831	33			21.4088
0	60.6599	33			5.9968
0	60.6599	33			15.6502
0	58.8156	33			6.49137
0	58.8156	33			6.13265
0	63.8951	33			5.119
0	58.8156	33			7.63509
0	56.8122	33			8.75192
0	55.9831	33			6.05966
0	60.6599	33			10.8788
0	70.9831	33			7.13671
0	60.6599	33			10.1612
0	60.0355	33			4.74698
0	58.8156	33			3.52452
0	58.736	33			9.0077
0	58.8156	33			6.21736
0	58.736	33			9.59797
0	58.8156	33			3.4665
0	58.736	33			4.36902
0	57.3316	33			5.86115
0	55.9831	33			23.4969
0	55.9831	33			6.81318
0	57.3316	33			5.31969
0	55.9831	33			8.40385
0	58.736	33			9.55455
0	57.3316	33			7.10189
0	56.8122	33			7.53047
0	58.8156	33			3.66398
0	55.9831	33			7.23185
1	72.2349	29			21.3571
1	69.8655	29			5.73768
1	69.8655	29			6.32109
1	70.5643	29			5.26425
1	72.2349	29			11.0496
1	74.4598	29			4.61275
1	69.3815	29			3.7454
1	69.3815	29			4.34724
1	73.753	29			5.32208
1	71.7349	29			10.1964
1	72.2349	29			12.0182
1	69.8655	29			6.43973
1	71.7349	29			8.46247
1	72.2349	29			9.28032
1	70.6004	29			4.83039
1	71.7349	29			6.98838
1	74.8273	29			3.26086
1	102.556	29			3.41937
1	69.3815	29			3.86444
1	69.8655	29			7.45264
1	72.2349	29			10.7888
1	73.5522	29			5.57742
1	73.3373	29			6.75619
1	72.2831	29			5.69524
1	77.9578	29			5.28612
1	72.1185	29			6.92727
1	72.2831	29			18.41
1	66.6446	29			4.43883
1	71.7028	29			4.68344
1	72.1185	29			5.50266
1	71.7028	29			4.41283
1	72.9819	29			11.4583
1	74.4116	29			4.17453
1	74.8554	29			4.0341
1	74.8554	29			4.48636
1	66.6446	29			4.07868
1	69.3815	29			5.03224
1	68.6305	29			13.7888
1	71.7028	29			4.33361
1	68.6305	29			11.2506
1	79.3434	29			5.69029
1	70.1847	29			4.01171
1	70.6004	29			12.6127
1	71.7028	29			7.20354
1	74.7008	29			5.5417
1	71.7028	29			7.7853
1	71.7028	29			8.76784
1	79.7731	29			7.13957
1	70.6004	29			39.8762
1	73.9598	29			4.53846
2	79.883	29			30.1336
2	82.6954	29			7.23131
2	80.1497	29			9.87886
2	80.1497	29			27.1397
2	80.1497	29			7.08212
2	80.6954	29			14.9033
2	84.9673	29			31.3382
2	80.6954	29			10.3479
2	80.1497	29			13.5049
2	83.2478	29			6.67543
2	79.883	29			16.2193
2	80.6954	29			3.7851
2	82.6954	29			7.73135
2	87.7935	29			5.46668
2	80.6954	29			8.69137
2	80.6954	29			11.817
2	95.6954	29			2.87536
2	80.1497	29			7.04419
2	87.5198	29			3.60755
2	82.6954	29			8.08676
2	80.1497	29			16.7432
2	82.6954	29			12.157
2	80.6954	29			9.60733
2	80.1497	29			17.0954
2	80.1497	29			15.2405
2	82.6954	29			9.50942
2	80.6954	29			14.4885
2	82.6954	29			4.37589
2	80.1497	29			16.9155
2	85.2392	29			3.632
2	80.6954	29			11.1998
2	82.6954	29			5.46799
2	80.6954	29			10.9683
2	80.6954	29			7.85467
2	79.883	29			39.5329
2	80.6954	29			8.74854
2	80.6954	29			9.16026
2	78.1566	29			7.68233
2	80.6954	29			10.3243
2	79.883	29			9.22046
2	85.5146	29			3.15526
2	79.883	29			29.6683
2	82.6954	29			5.64174
2	80.6954	29			9.27516
2	80.6954	29			11.5162
2	80.6954	29			3.70645
2	80.1497	29			18.3654
2	79.883	29			8.27507
2	80.1497	29			13.7146
2	82.6954	29			13.314
3	63.178	40			4.72858
3	63.178	40			8.28633
3	63.178	40			7.78901
3	63.178	40			8.84481
3	65.0421	40			8.61417
3	63.178	40			10.4745
3	63.178	40			6.93611
3	63.178	40			7.42535
3	63.178	40			6.69764
3	65.0421	40			20.8468
3	67.4919	40			5.59532
3	63.178	40			6.6962
3	63.178	40			13.3484
3	65.5081	40			7.36912
3	65.0421	40			10.0867
3	74.8414	40			3.90952
3	65.0421	40			9.15572
3	69.9417	40			4.24255
3	98.1909	40			3.72904
3	65.5081	40			11.8482
3	63.178	40			11.8877
3	65.0421	40			7.85244
3	65.0421	40			16.2609
3	67.4919	40			13.6998
3	63.178	40			6.55012
3	63.178	40			4.70336
3	63.178	40			6.0506
3	65.0421	40			12.3857
3	65.0421	40			16.9218
3	74.8414	40			5.73993
3	63.178	40			6.75539
3	63.178	40			7.87403
3	63.178	40			6.87918
3	67.4919	40			9.33405
3	65.0421	40			9.31301
3	65.0421	40			12.6448
3	63.178	40			9.87794
3	68.424	40			25.0055
3	63.178	40			5.91311
3	71.7735	40			4.47598
3	71.4595	40			5.34168
3	65.0421	40			4.88461
3	65.0421	40			8.16875
3	63.178	40			11.1209
3	65.0421	40			14.3213
3	63.178	40			13.2849
3	63.178	40			6.32414
3	65.0421	40			36.2826
3	65.0421	40			7.74617
3	65.0421	40			7.20424
4	61.9524	29			7.71959
4	74.5397	29			6.47673
4	71.5972	29			6.46988
4	69.2004	29			4.51995
4	69.2004	29			4.12842
4	69.2004	29			3.7078
4	64.6706	29			7.46398
4	64.6706	29			6.53035
4	69.4821	29			8.99743
4	62.2738	29			6.80958
4	67.0853	29			7.80849
4	64.6706	29			5.21639
4	62.2738	29			6.9761
4	64.6706	29			8.07393
4	61.9524	29			5.88745
4	69.2004	29			3.83286
4	61.9524	29			6.79823
4	71.8611	29			5.55761
4	64.6706	29			6.39963
4	71.5972	29			2.94756
4	61.9524	29			5.09086
4	69.2004	29			4.0431
4	66.4782	29			5.98407
4	61.9524	29			6.47252
4	66.1567	29			4.05324
4	75.2044	29			4.97882
4	77.2004	29			9.83229
4	71.8611	29			7.11134
4	69.1429	29			6.96839
4	64.6349	29			7.40398
4	61.9524	29			5.25401
4	71.5972	29			2.77573
4	78.8056	29			2.90756
4	76.9365	29			3.36444
4	69.2004	29			3.91888
4	62.2738	29			5.87051
4	69.2004	29			4.60648
4	71.8611	29			6.49063
4	62.2738	29			11.3608
4	71.8611	29			11.3564
4	69.2004	29			3.50991
4	79.6151	29			25.0091
4	69.2004	29			3.6768
4	61.9524	29			5.96893
4	61.9524	29			5.61164
4	61.9524	29			5.64911
4	61.9524	29			5.65431
4	69.2004	29			4.03296
4	73.7659	29			7.93923
4	61.9524	29			10.0147
5	80.8824	37			5.68586
5	78.3621	37			7.63014
5	99.3658	37			4.3579
5	78.3621	37			9.56011
5	75.3493	37			9.75002
5	78.3621	37			7.66508
5	78.3621	37			8.57292
5	75.3493	37			8.18603
5	83.6379	37			13.5782
5	92.114	37			6.10053
5	78.3621	37			8.43553
5	78.3621	37			7.46244
5	78.3621	37			9.05491
5	75.3493	37			7.88897
5	83.2629	37			7.25524
5	78.3621	37			9.09217
5	78.3621	37			12.7633
5	99.3658	37			4.07042
5	81.8088	37			4.51643
5	78.3621	37			8.86757
5	86.8382	37			11.7812
5	78.3621	37			8.13302
5	78.3621	37			8.14763
5	78.3621	37			10.2444
5	78.3621	37			6.15154
5	78.3621	37			8.9008
5	80.625	37			6.13386
5	83.6379	37			4.44753
5	111.682	37			4.66061
5	78.3621	37			8.3978
5	80.625	37			5.21794
5	83.2629	37			4.89339
5	78.3621	37			8.86716
5	84.932	37			8.1502
5	81.8088	37			6.5049
5	83.2629	37			6.08853
5	90.2996	37			5.78357
5	75.3493	37			7.79812
5	78.3621	37			6.83023
5	83.6379	37			6.10885
5	78.3621	37			8.58168
5	80.8824	37			20.0721
5	78.3621	37			7.51064
5	84.7665	37			7.87078
5	78.3621	37			7.94154
5	83.2629	37			5.22294
5	78.3621	37			8.29586
5	83.2629	37			10.7336
5	86.3217	37			10.307
5	85.9007	37			5.74212
6	83.2975	27			3.89089
6	91.876	27			10.0908
6	83.2975	27			4.05113
6	91.9793	27			5.58428
6	83.2975	27			6.27952
6	94.8017	27			4.14992
6	91.9793	27			4.01613
6	91.9793	27			4.68395
6	86.2231	27			14.2355
6	83.2975	27			5.29847
6	83.2975	27			6.44893
6	83.2975	27			5.57555
6	94.4938	27			3.59833
6	83.2975	27			5.74646
6	86.2231	27			9.23323
6	83.2975	27			7.17842
6	86.2231	27			5.38096
6	100.347	27			3.24505
6	83.2975	27			4.64002
6	97.5207	27			6.13828
6	92.6632	27			5.40288
6	83.2975	27			5.42751
6	100.345	27			7.48759
6	83.2975	27			3.7832
6	83.2975	27			7.07897
6	94.2913	27			4.87526
6	83.2975	27			5.00998
6	83.2975	27			4.53163
6	83.2975	27			6.82626
6	94.595	27			5.0941
6	92.6632	27			7.09692
6	97.7273	26			4.15772
6	83.2975	27			4.25233
6	83.2975	27			5.52393
6	83.2975	27			6.19012
6	94.905	27			4.03018
6	83.2975	27			7.69257
6	83.2975	27			4.65987
6	83.2975	27			8.44982
6	83.2975	27			4.58548
6	83.2975	27			5.4812
6	83.2975	27			4.11069
6	83.2975	27			5.93274
6	83.2975	27			5.57413
6	83.2975	27			4.57789
6	83.2975	27			8.19993
6	83.2975	27			4.74027
6	86.1921	27			29.4366
6	83.2975	27			6.15843
6	92.6632	27			7.65713
7	55.6563	26			4.4008
7	52.64	26			7.80799
7	52.7941	26			7.41504
7	54.8178	26			7.44606
7	58.7526	26			6.5501
7	54.3674	26			21.6202
7	58.16	26			6.15675
7	52.64	26			4.51747
7	61.0222	26			8.36527
7	58.16	26			4.54097
7	56.0948	26			3.3463
7	55.7985	26			4.41837
7	55.7985	26			4.99697
7	51.2089	26			7.7275
7	51.2089	26			3.69257
7	51.2089	26			4.62596
7	61.0222	26			6.05728
7	54.8178	26			5.90588
7	57.2296	26			8.97512
7	54.7052	26			8.21789
7	54.7052	26			5.50766
7	64.1807	26			10.4991
7	54.0711	26			5.89916
7	51.2089	26			6.30428
7	51.2089	26			5.46622
7	56.7289	26			6.67852
7	64.8311	26			7.94187
7	54.7052	26			5.26917
7	54.7052	26			4.77472
7	54.7052	26			4.87289
7	52.64	26			2.61793
7	59.1111	26			10.4533
7	54.7052	26			5.59542
7	51.2089	26			7.05183
7	51.2089	26			4.27413
7	51.2089	26			10.5181
7	51.2089	26			5.15318
7	58.16	26			5.66441
7	54.8178	26			7.60319
7	57.5674	26			4.06247
7	62.7496	26			7.38949
7	54.8178	26			7.70157
7	57.68	26			5.86458
7	55.7985	26			6.17928
7	56.4326	26			5.40963
7	55.7985	26			5.71367
7	57.5674	26			7.19363
7	52.7941	26			8.32058
7	58.4563	26			4.38769
7	54.3674	26			5.14659
8	72.7286	25			6.48253
8	78.5427	25			8.63256
8	74.8208	25			8.57817
8	70.6667	25			12.3226
8	72.9146	25			4.4282
8	77.1608	25			4.23617
8	76.7889	25			7.79312
8	68.5444	25			5.59785
8	72.6047	25			5.37185
8	70.6667	25			7.12825
8	79.191	25			3.25766
8	72.7286	25			3.41311
8	70.6667	25			4.94333
8	72.6047	25			8.29195
8	70.6667	25			7.00421
8	75.0687	25			6.05961
8	70.6667	25			8.08739
8	72.9146	25			5.88684
8	76.4807	25			7.6121
8	70.6667	25			10.5611
8	72.7286	25			4.42408
8	68.5444	25			5.13335
8	70.6985	25			3.95265
8	72.7286	25			2.58244
8	68.5444	25			5.02921
8	70.6667	25			4.63355
8	70.6667	25			5.43755
8	70.6667	25			5.53857
8	72.7286	25			8.50874
8	74.8208	25			11.0536
8	72.6047	25			6.2816
8	72.6047	25			5.9166
8	72.8208	25			6.28756
8	68.5444	25			4.2783
8	73.1424	25			4.92937
8	72.6047	25			7.23548
8	70.6667	25			5.44365
8	70.6667	25			5.84206
8	72.7286	25			6.95335
8	68.5444	25			4.29554
8	74.7588	25			8.4287
8	70.6667	25			5.55405
8	72.6667	25			4.06874
8	72.6047	25			10.0123
8	68.5444	25			3.8662
8	75.5444	25			6.28666
8	70.6667	25			7.75684
8	76.7889	25			19.3955
8	76.9129	25			6.87583
8	68.5444	25			4.24777
9	78.7387	19			2.28731
9	65.5041	19			2.93413
9	65.4979	19			5.52081
9	57.2407	19			3.77676
9	65.7305	19			4.19193
9	65.5041	19			2.64333
9	59.57	19			8.03147
9	63.072	19			2.66145
9	72.4856	19			8.9044
9	71.8745	19			2.52497
9	57.2407	19			7.21023
9	63.9012	19			37.6909
9	59.57	19			6.51421
9	66.9239	19			5.50821
9	61.8992	19			3.84781
9	64.2284	19			2.68335
9	59.607	19			3.43352
9	57.2407	19			5.30088
9	56.4506	19			4.79643
9	84.323	19			5.19826
9	59.07	19			5.1952
9	59.07	19			4.16546
9	56.4506	19			6.24502
9	57.2407	19			5.54773
9	64.2284	19			3.29283
9	57.2407	19			4.07921
9	57.2407	19			7.32688
9	57.2407	19			10.9001
9	59.07	19			3.16371
9	57.2407	19			4.97393
9	57.2407	19			4.45241
9	57.2407	19			4.45304
9	66.1687	19			3.67188
9	58.4136	19			6.91457
9	57.2407	19			5.06275
9	59.07	19			6.2556
9	61.8992	19			4.24852
9	61.8992	19			3.88684
9	57.2407	19			4.75507
9	66.9239	19			2.46866
9	64.2284	19			3.81862
9	56.4506	19			8.102
9	59.07	19			5.24179
9	57.2407	19			3.47886
9	57.2407	19			6.65936
9	59.07	19			4.70427
9	61.6461	19			7.86367
9	59.57	19			3.28123
9	61.3992	19			4.51929
9	61.8992	19			2.11804
10	66.7212	33			6.99077
10	72.6077	33			3.45737
10	69.025	33			7.06078
10	65.823	33			19.2423
10	71.6594	33			5.06617
10	66.7212	33			5.42125
10	65.1653	33			10.8133
10	81.5826	33			3.81456
10	67.0351	33			5.17047
10	67.0351	33			4.60856
10	66.7212	33			5.41463
10	72.0768	33			4.41238
10	65.1653	33			12.5875
10	70.429	33			5.20705
10	65.1653	33			11.9686
10	71.6594	33			4.28473
10	65.1653	33			5.76083
10	68.5977	33			3.4935
10	65.1653	33			18.1045
10	72.5259	33			4.06628
10	71.6594	33			4.95817
10	77.2738	29			11.0779
10	71.6594	33			4.83595
10	71	33			9.69654
10	69.025	33			12.249
10	71.9716	33			7.07572
10	65.1653	33			5.93784
10	66.7212	33			7.01872
10	79.5025	33			4.8893
10	69.4958	33			3.91505
10	80.005	33			6.61445
10	77.6861	33			5.42152
10	72.5259	33			4.26423
10	66.7212	33			4.18775
10	70.1018	33			4.99533
10	66.7212	33			4.13491
10	74.0518	33			3.38595
10	70.1018	33			4.62954
10	77.6861	33			6.03415
10	69.025	33			5.14299
10	67.6928	33			18.9094
10	76.9983	33			3.38659
10	71.6594	33			5.07336
10	68.0217	33			12.4987
10	71.9716	33			6.79269
10	65.823	33			20.04
10	72.6077	33			2.8601
10	74.0518	33			4.32698
10	72.6077	33			2.48054
10	69.1152	33			4.30388
11	65.6078	40			5.68414
11	62.9588	40			18.8548
11	62.9588	40			9.84533
11	65.6078	40			6.04199
11	70.4059	40			10.8116
11	70.4059	40			8.58189
11	69.3529	40			9.34552
11	70.4059	40			9.93689
11	73.0549	40			4.42467
11	65.6078	40			23.5152
11	70.4059	40			16.3056
11	73.2255	40			3.19039
11	70.4059	40			14.1332
11	75.5294	40			13.7824
11	66.7098	40			7.48212
11	63.8843	40			17.6477
11	65.6078	40			7.60874
11	68.0863	40			6.03854
11	72.002	40			9.57454
11	70.4059	40			10.2448
11	70.4059	40			11.455
11	73.2137	40			4.69699
11	70.4059	40			13.6438
11	65.6078	40			7.65926
11	62.9588	40			7.21884
11	62.9588	40			9.45008
11	62.9588	40			6.85449
11	71.0686	40			7.26272
11	70.4059	40			13.8244
11	70.4059	40			9.60737
11	62.9588	40			21.3624
11	70.4059	40			7.25181
11	65.6078	40			10.7902
11	62.9588	40			9.27613
11	70.2392	40			7.00293
11	62.9588	40			18.113
11	73.0549	40			8.53753
11	76.0333	40			4.99432
11	65.6078	40			7.25116
11	63.8843	40			18.9975
11	65.4373	40			5.1529
11	68.0863	40			6.24951
11	80.998	40			15.3831
11	70.9059	40			4.61734
11	70.4059	40			12.2928
11	66.3667	40			18.2001
11	65.6078	40			6.28602
11	62.9588	40			10.4966
11	62.9588	40			7.76426
11	65.6078	40			7.153
12	89.1988	25			4.24495
12	73.2104	25			9.66948
12	91.8242	25			5.64228
12	75.9741	25			6.94132
12	80.0663	25			4.58493
12	80.0663	25			4.714
12	73.2104	25			21.9648
12	80.0663	25			3.71418
12	81.4438	25			5.59069
12	80.0663	25			5.29863
12	81.4438	25			5.01833
12	75.9741	25			10.3742
12	80.9769	25			5.75225
12	75.9741	25			15.2266
12	75.9741	25			7.33072
12	80.9942	25			5.96924
12	75.951	25			17.5932
12	91.0634	25			4.96401
12	85.7608	25			3.99343
12	80.9654	25			26.3095
12	78.4841	25			6.91152
12	85.7608	25			3.62612
12	73.268	25			23.8931
12	75.9741	25			13.0428
12	80.0663	25			4.32846
12	78.7147	25			7.66242
12	82.3516	25			6.49479
12	100.179	25			3.47274
12	78.2305	25			18.4166
12	75.951	25			13.2909
12	83.5331	25			5.6171
12	79.6282	25			5.02438
12	87.879	25			6.20118
12	78.7378	25			10.5056
12	80.0663	25			3.76113
12	86.4352	25			5.48023
12	79.6282	25			7.10686
12	80.0663	25			4.72145
12	80.0663	25			4.36175
12	73.268	25			23.2368
12	73.2104	25			17.9917
12	75.9741	25			13.2463
12	73.268	25			16.6564
12	84.2478	25			5.32791
12	86.5043	25			8.1722
12	75.9741	25			4.02909
12	73.268	25			10.2283
12	79.6282	25			3.98222
12	75.9568	25			7.94007
12	75.9741	25			5.81015
13	93.8884	21			4.98023
13	94.7859	21			4.78913
13	93.9499	21			4.03272
13	93.9499	21			3.13612
13	94.3872	21			3.49606
13	94.3872	21			12.8568
13	107.718	21			2.14794
13	91.2437	21			5.89007
13	96.8747	21			4.42364
13	93.9544	21			6.77918
13	91.4601	21			10.6437
13	91.4601	21			10.3343
13	91.467	21			2.81472
13	91.467	21			3.08885
13	102.31	21			2.36822
13	93.9544	21			7.26061
13	102.31	21			23.8873
13	91.4601	21			17.1633
13	100.426	21			2.31491
13	97.5034	21			2.67485
13	105.617	21			3.92438
13	91.2437	21			6.29516
13	91.4601	21			4.19765
13	93.9499	21			4.74909
13	91.467	21			3.48509
13	97.5034	21			1.95016
13	94.3872	21			2.20823
13	91.2437	21			5.69774
13	91.4601	21			14.2856
13	94.3872	21			3.00874
13	93.7585	21			11.4922
13	91.4601	21			6.17199
13	100.221	21			19.0715
13	93.9544	21			8.16948
13	103.351	21			5.20063
13	94.3872	21			3.11016
13	93.9499	21			4.22101
13	91.4601	21			5.21975
13	144.763	21			2.39748
13	91.4601	21			6.50398
13	91.4601	21			5.18733
13	94.7859	21			3.61546
13	91.467	21			2.67552
13	91.4601	21			15.7822
13	99.7973	21			2.57419
13	100.162	21			3.22578
13	94.098	21			3.24304
13	94.3872	21			3.79565
13	94.098	21			2.92485
13	102.31	21			19.2122
14	53.4355	30			4.8694
14	53.4355	30			9.65446
14	53.4355	30			4.69234
14	56.0039	30			7.51863
14	73.6387	30			5.0715
14	65.5586	30			2.85769
14	56.0039	30			4.26624
14	53.4355	30			5.68198
14	59.5586	30			4.60678
14	57.5176	30			9.23919
14	53.4355	30			6.48853
14	53.4355	30			14.1914
14	53.4355	30			5.54674
14	59.5586	30			5.88554
14	53.4355	30			11.2538
14	56.0039	30			3.50221
14	53.4355	30			8.91601
14	53.4355	30			6.71295
14	53.4355	30			6.83999
14	53.4355	30			5.06361
14	53.4355	30			10.0447
14	59.6426	30			4.14456
14	53.9629	30			3.7952
14	53.4355	30			7.81631
14	53.4355	30			6.33126
14	53.4355	30			5.18325
14	53.4355	30			8.60901
14	53.4355	30			6.72228
14	53.4355	30			5.00848
14	53.4355	30			11.0524
14	53.4355	30			19.3398
14	53.4355	30			4.53838
14	53.4355	30			5.36615
14	53.4355	30			9.05958
14	53.4355	30			3.62566
14	53.4355	30			6.77557
14	53.4355	30			9.25989
14	53.4355	30			4.91205
14	53.4355	30			8.1749
14	53.4355	30			10.1123
14	53.4355	30			6.42083
14	53.4355	30			4.88671
14	58.2129	30			6.18059
14	53.4355	30			4.93256
14	53.4355	30			10.5878
14	53.4355	30			15.1207
14	57.5176	30			9.39885
14	53.4355	30			7.05196
14	53.4355	30			5.38073
14	53.9629	30			3.92855
15	73.9558	25			3.42033
15	85.0189	25			3.52387
15	76.6105	25			3.49676
15	79.1558	25			6.16683
15	79.0463	25			2.80877
15	127.166	25			3.01584
15	79.4526	25			3.25185
15	79.1558	25			3.39883
15	100.362	25			2.64584
15	76.6105	25			4.62804
15	76.6105	25			5.44349
15	73.9558	25			3.89067
15	76.6105	25			2.45201
15	76.9074	25			3.5713
15	103.274	25			2.78907
15	81.701	25			2.18147
15	82.2358	25			3.40221
15	76.9074	25			3.71239
15	76.9074	25			4.15623
15	79.1558	25			3.31166
15	79.1558	25			4.67086
15	87.5642	25			3.12234
15	108.64	25			2.29052
15	87.5453	25			3.68584
15	79.9284	25			2.42798
15	76.6105	25			3.39965
15	92.32	23			2.29418
15	87.1158	25			3.92135
15	79.1558	25			3.2374
15	81.701	25			3.02438
15	85.6042	25			8.08639
15	82.2168	25			6.2248
15	95.0842	25			3.15714
15	79.1558	25			5.10282
15	73.9558	25			3.22246
15	76.6105	25			4.83186
15	87.1579	25			2.90696
15	84.7221	25			2.73614
15	79.1558	25			5.31972
15	82.2358	25			2.34819
15	81.701	24			3.45656
15	79.1558	25			3.58593
15	89.6653	25			3.34458
15	79.1558	25			4.31036
15	94.9621	25			3.06935
15	76.6105	25			3.27116
15	76.9074	25			3.99372
15	79.1558	25			3.35075
15	76.9074	25			3.28882
15	73.9558	25			3.45866
16	86.1435	27			5.35925
16	85.1278	27			4.33726
16	82.4865	27			5.61577
16	103.24	27			4.67966
16	85.1278	27			9.21309
16	86.435	27			9.5244
16	85.1278	27			3.71847
16	86.2309	27			7.42249
16	85.1278	27			3.90384
16	89.5852	27			5.10597
16	82.4865	27			4.30302
16	110.332	27			3.6751
16	86.435	27			9.56058
16	86.4619	26			3.47206
16	87.648	27			4.20561
16	88.8274	27			3.99964
16	86.3072	27			3.6686
16	86.3475	27			9.53658
16	85.1278	27			7.98947
16	86.435	27			5.84539
16	101.126	27			4.13344
16	85.1278	27			4.09824
16	86.1435	27			3.4943
16	82.4865	27			6.92722
16	83.787	27			4.14589
16	88.9552	27			10.0679
16	88.9552	27			3.97047
16	82.4865	27			4.78182
16	82.4865	27			5.87344
16	83.787	27			7.2977
16	101.126	27			3.64013
16	82.4865	27			5.38242
16	85.1278	27			3.06973
16	91.435	27			3.61787
16	86.435	27			9.56279
16	88.6233	27			2.5857
16	85.1278	27			3.81841
16	88.8251	27			4.47615
16	85.1076	27			8.02966
16	86.2309	27			3.45345
16	85.1278	27			3.60866
16	86.4619	27			12.0034
16	82.4865	27			4.21301
16	86.2309	27			8.13591
16	86.435	27			11.8993
16	82.4865	27			5.18629
16	102.771	27			3.38011
16	83.787	27			3.32297
16	88.9552	27			8.46019
16	82.4865	27			7.96842
17	54.754	31			16.5338
17	54.754	31			14.5849
17	55.1108	31			9.28749
17	54.754	31			17.2399
17	54.754	31			19.0831
17	54.754	31			18.176
17	54.754	31			19.4708
17	54.754	31			11.902
17	58.8345	31			4.70633
17	54.754	31			18.9257
17	56.7942	31			11.8602
17	56.4374	31			13.0954
17	54.754	31			16.8396
17	56.7942	31			8.32419
17	54.754	31			23.4896
17	54.754	31			16.3572
17	54.754	31			17.5982
17	58.1209	31			20.3556
17	54.754	31			14.9733
17	59.8086	31			9.48353
17	54.754	31			14.554
17	54.754	31			12.8699
17	54.754	31			17.2355
17	60.0763	31			18.1326
17	54.754	31			18.1979
17	54.754	31			22.1
17	55.1108	31			13.0561
17	54.754	31			17.5404
17	54.754	31			18.607
17	56.7942	31			10.595
17	55.1108	31			7.13524
17	59.554	31			5.99016
17	54.754	31			11.3908
17	55.1108	31			9.84069
17	56.7942	31			7.47526
17	54.754	31			20.5755
17	54.754	31			16.0707
17	60.0806	31			8.01227
17	54.754	31			18.0961
17	54.754	31			16.0711
17	54.754	31			19.6861
17	54.754	31			16.173
17	54.754	31			16.1175
17	61.295	31			5.85081
17	54.754	31			18.6228
17	54.754	31			15.1153
17	54.754	31			16.1498
17	56.7942	31			30.4992
17	61.295	31			4.86366
17	54.754	31			17.6475
18	81.5866	20			9.463
18	83.9896	20			4.18618
18	83.9896	20			3.2474
18	86.238	20			2.41435
18	81.2735	20			2.52487
18	81.5866	20			3.92218
18	81.5866	20			3.718
18	81.5866	20			3.34599
18	87.0689	20			2.33118
18	81.5866	20			4.11101
18	86.6639	20			2.45978
18	81.7119	20			2.99258
18	81.5866	20			3.55974
18	86.6639	20			3.07864
18	88.9374	20			2.34811
18	81.5866	20			3.16384
18	81.7119	20			3.3274
18	99.7891	20			2.26811
18	79.4384	20			2.77728
18	81.5866	20			3.92829
18	101.136	20			3.46569
18	86.238	20			2.87365
18	83.9896	20			2.64171
18	81.5866	20			9.05725
18	83.9896	20			4.49823
18	86.5344	20			2.45003
18	81.2735	20			2.79919
18	84.1315	20			3.3672
18	81.5866	20			8.95602
18	83.9896	20			2.56545
18	89.6096	20			1.80288
18	81.7119	20			3.15136
18	88.4823	20			3.85302
18	86.5344	20			2.48502
18	101.094	20			3.42823
18	81.5866	20			3.37962
18	86.5344	20			2.82236
18	81.7119	20			3.02325
18	81.5866	20			3.46492
18	86.405	20			2.42982
18	98.9749	20			2.12083
18	91.1983	20			3.339
18	81.5866	20			6.79285
18	81.5866	20			4.1455
18	81.2735	20			2.64046
18	83.9896	20			4.785
18	81.7119	20			2.35031
18	81.5866	20			4.84098
18	83.9896	20			3.56588
18	81.5866	20			3.06916
19	61.3842	36			18.5275
19	60.4557	36			7.79245
19	63.0508	36			6.34753
19	62.0057	36			7.93241
19	61.3842	36			10.4654
19	61.3842	36			8.44161
19	59.1017	36			19.8779
19	62.0057	36			8.07029
19	57.0207	36			35.1521
19	61.3842	36			6.66419
19	61.3842	36			8.75879
19	61.3842	36			16.9029
19	58.1714	35			10.4997
19	61.3842	36			18.8838
19	64.2919	36			3.64397
19	59.1017	36			28.1022
19	62.0057	36			6.23959
19	62.2109	36			5.28823
19	62.0057	36			27.5219
19	58.1714	36			5.77696
19	60.4557	36			4.76693
19	58.1714	36			5.98659
19	75.7156	36			3.10889
19	61.3842	36			13.0127
19	68.2241	36			7.50767
19	61.3842	36			13.7987
19	59.1017	36			23.3928
19	64.8211	36			25.1716
19	58.1714	36			18.6496
19	57.0207	36			26.3205
19	62.0057	36			15.9133
19	65.3315	36			3.19964
19	60.4557	36			5.13435
19	58.1714	36			24.2474
19	91.3107	36			3.96264
19	58.1714	36			7.25409
19	62.2109	36			13.8483
19	59.1017	36			13.1072
19	61.693	36			12.7258
19	59.1017	36			66.1363
19	58.1714	36			6.57339
19	61.6968	36			5.42845
19	71.1469	36			6.06823
19	58.1714	36			7.38263
19	59.1017	36			24.7276
19	60.4557	36			7.86828
19	58.1714	36			13.467
19	58.1714	36			46.1742
19	70.5066	36			10.4272
19	57.0207	36			19.0536
20	143.352	30			2.8386
20	83.3162	30			14.9122
20	78.9447	30			6.08694
20	85.2055	30			36.7717
20	78.9447	30			11.1513
20	78.747	30			5.15777
20	81.079	30			10.8224
20	79.0632	30			5.4066
20	78.4862	30			24.7258
20	78.4862	30			22.4521
20	78.8498	30			5.24717
20	81.2134	30			5.44754
20	85.8142	30			3.80951
20	81.3676	30			5.07769
20	81.079	30			16.3755
20	92.6522	30			3.64085
20	76.2095	30			5.69508
20	86.083	30			9.37699
20	78.7787	30			3.2594
20	76.3122	30			7.179
20	83.6482	30			6.26441
20	73.9091	30			5.36969
20	78.747	30			11.8733
20	76.2095	30			6.87913
20	78.3518	30			6.1753
20	80.7866	30			5.69547
20	76.3122	30			9.75865
20	78.7787	30			7.29825
20	81.3636	30			4.90835
20	78.9328	30			4.61341
20	76.3122	30			5.51673
20	78.8498	30			4.36615
20	78.4862	30			46.9249
20	88.5494	30			6.6686
20	78.3518	30			6.99312
20	78.3518	30			15.2789
20	82.6047	30			12.9547
20	80.9209	30			6.08049
20	76.3122	30			5.97281
20	91.4111	30			5.22955
20	81.2332	30			7.38532
20	81.3478	30			8.64116
20	81.2134	30			20.5568
20	83.6482	30			4.96424
20	86.249	30			7.67587
20	78.9447	30			8.89526
20	78.9447	30			7.90772
20	81.3478	30			10.4469
20	78.747	30			5.82835
20	88.3834	30			13.3333
21	63.4798	30			12.7875
21	62.7681	30			35.4031
21	56.6694	30			9.9094
21	60.2984	30			7.2257
21	63.4798	30			7.5861
21	59.1149	30			7.33127
21	60.5605	30			18.9386
21	61.3831	30			12.6269
21	61.3226	30			22.6526
21	63.4798	30			9.14324
21	62.244	30			8.26173
21	63.4798	30			6.14165
21	56.6694	30			6.25854
21	56.6694	30			7.59245
21	56.6694	30			10.9223
21	56.6694	30			12.5929
21	56.6694	30			19.0416
21	61.3226	30			9.37476
21	56.6694	30			10.9087
21	62.5302	30			7.37138
21	56.6694	30			6.55053
21	60.2984	30			7.5335
21	62.7681	30			23.4091
21	56.6694	30			12.2566
21	63.4798	30			10.766
21	65.8064	30			24.7429
21	62.7681	30			9.83285
21	62.7681	30			7.79004
21	61.3226	30			15.9813
21	56.6694	30			12.4414
21	56.6694	30			6.83923
21	56.6694	30			12.718
21	60.5605	30			29.43
21	56.6694	30			9.79222
21	61.3226	30			19.9998
21	56.6694	30			11.2261
21	63.4798	30			5.20174
21	56.6694	30			15.4822
21	63.0665	30			7.02622
21	63.4798	30			7.73732
21	63.0665	30			6.38263
21	61.3226	30			9.76773
21	65.8064	30			6.1775
21	56.6694	30			8.21675
21	56.6694	30			10.1495
21	56.6694	30			7.3822
21	61.3831	30			4.87159
21	65.752	30			6.11942
21	58.3528	30			6.53269
21	60.5605	30			35.2292
22	89.2945	25			9.11361
22	93.7818	25			3.96662
22	93.7818	25			3.04321
22	92.1716	25			3.64281
22	86.4449	25			8.24156
22	88.7097	25			6.0794
22	86.4449	25			9.33438
22	89.3559	25			5.17104
22	88.7437	25			3.82775
22	86.4449	25			7.97726
22	89.3559	25			5.51861
22	88.3411	25			3.4957
22	94.6059	25			3.69807
22	97.1017	25			4.38744
22	83.0847	25			4.1709
22	86.0508	25			3.09491
22	92.0763	25			2.86296
22	85.9068	25			4.51489
22	86.0508	25			3.94814
22	108.305	25			3.78221
22	86.4449	25			3.21229
22	94.7352	25			5.68965
22	86.4449	25			3.64957
22	89.3559	25			16.7607
22	91.2458	25			3.12285
22	86.0508	25			3.74331
22	91.7225	25			3.08614
22	89.411	25			13.3164
22	80.3644	25			3.43042
22	88.3411	25			4.24147
22	86.0911	25			4.11507
22	86.4449	25			5.67557
22	89.3559	25			3.14718
22	85.9894	25			4.70308
22	100.176	25			3.59961
22	80.3644	25			3.77722
22	86.4449	25			4.55643
22	86.4449	25			4.3338
22	88.7564	25			4.39746
22	86.4449	25			8.05352
22	86.4449	25			10.0732
22	86.4449	25			4.07076
22	89.3559	25			4.23332
22	86.4449	25			4.47616
22	83.0847	25			26.1854
22	80.3644	25			2.89964
22	89.2945	25			6.06256
22	89.2945	25			5.95851
22	94.5445	25			3.8953
22	89.3559	25			7.8121
23	59.5761	30			8.15191
23	59.5761	30			5.93579
23	68.5376	30			9.78781
23	68.255	30			3.66756
23	59.5761	30			6.56073
23	68.4018	30			5.32009
23	67.3633	30			12.1647
23	67.3633	30			5.73446
23	65.1248	30			5.68289
23	61.8147	30			7.68161
23	59.5761	30			6.89848
23	59.5761	30			6.36682
23	61.7505	30			9.07102
23	67.3633	30			16.3052
23	70.7119	30			5.07873
23	61.8147	30			7.92694
23	59.5761	30			8.21517
23	59.5761	30			8.43068
23	59.5761	30			7.94663
23	59.5761	30			8.09208
23	61.8147	30			4.91754
23	67.3633	30			12.4646
23	63.9248	30			7.56589
23	59.5761	30			8.11553
23	59.5761	30			8.18741
23	68.2734	30			4.81402
23	61.8147	30			5.84336
23	61.7505	30			5.59185
23	59.5761	30			7.65559
23	65.1248	30			5.10008
23	61.8147	30			6.01782
23	61.7505	30			5.69933
23	65.1248	30			5.40925
23	59.5761	30			8.57634
23	61.8147	30			7.48858
23	59.5761	30			6.6272
23	67.3633	30			9.85284
23	61.7505	30			9.21264
23	68.5376	30			6.39139
23	64.0532	30			8.26903
23	68.255	30			8.60191
23	67.3633	30			10.6384
23	69.4734	30			7.84486
23	67.3633	30			4.82997
23	70.4294	30			3.5773
23	68.255	30			15.2605
23	64.0532	30			5.63827
23	64.0532	30			5.30576
23	59.5761	30			8.0056
23	61.8147	30			6.78383
24	68.5958	32			6.72406
24	65.8351	32			7.06795
24	65.1679	32			8.65792
24	61.2006	32			7.91618
24	62.6553	32			6.37614
24	76.8975	32			4.97868
24	64.8692	32			5.75804
24	63.1798	32			9.05569
24	64.6389	32			4.91667
24	62.9807	32			5.57966
24	68.5899	32			7.57252
24	64.104	32			4.4419
24	79.8009	32			3.3414
24	69.2303	32			7.34237
24	73.6211	32			4.22267
24	65.3002	32			5.65448
24	69.2303	32			12.5371
24	61.2957	32			7.369
24	62.6553	32			11.3213
24	63.3834	32			9.30572
24	63.1798	32			6.78243
24	61.2957	32			11.4165
24	62.6553	32			11.1046
24	67.4829	32			21.1821
24	65.3002	32			5.00736
24	68.5958	32			8.96985
24	62.9807	32			8.42357
24	61.2957	32			10.3249
24	74.4413	32			11.0387
24	61.2006	32			8.75971
24	63.1798	32			7.22039
24	75.3061	32			6.69713
24	62.6553	32			7.63447
24	61.5319	32			6.90777
24	61.5319	32			8.15229
24	103.73	32			4.33386
24	74.5409	32			6.43232
24	65.1679	32			5.8178
24	61.2957	32			11.9222
24	68.9272	32			5.35344
24	62.6553	32			7.30023
24	62.9807	32			5.12653
24	66.6122	32			4.24218
24	64.8692	32			13.8024
24	62.9807	32			6.012
24	69.2303	32			14.1656
24	68.9317	32			5.85653
24	68.9317	32			3.72332
24	62.6553	32			6.06184
24	62.6553	32			6.40736
25	64.1452	32			6.15031
25	61.3284	32			5.5051
25	61.5132	32			5.72773
25	55.462	32			18.3836
25	61.3284	32			5.50264
25	71.7244	32			3.12347
25	57.9884	32			17.1692
25	62.8729	32			6.66687
25	74.2393	32			2.95466
25	57.396	32			6.68649
25	63.8003	32			19.2628
25	55.3333	32			4.753
25	60.1914	32			4.80211
25	57.396	32			5.53908
25	78.731	32			3.02367
25	65.4719	32			6.6994
25	59.6304	32			4.96736
25	73.604	32			8.06787
25	61.9422	32			5.78452
25	64.1452	32			5.33705
25	110.262	32			2.35224
25	59.7393	32			4.61344
25	55.462	32			5.32189
25	59.7393	32			7.28776
25	57.7211	32			5.97554
25	57.8482	32			12.819
25	59.7393	32			5.39265
25	59.599	32			8.84938
25	77.7393	32			11.5508
25	55.462	32			6.49026
25	64.1452	32			5.07084
25	60.0083	32			13.742
25	65.6914	32			4.39415
25	64.1452	32			4.21418
25	57.9884	32			5.10485
25	60.6485	32			6.9483
25	57.7211	32			5.67701
25	65.7789	32			10.388
25	55.3333	32			4.73084
25	60.0083	32			6.83012
25	61.9422	32			8.3475
25	57.5363	32			6.70165
25	61.6353	32			5.89614
25	81.7574	32			2.71198
25	61.9422	32			6.54107
25	60.0083	32			5.80579
25	61.6353	32			10.3083
25	59.7393	32			9.21167
25	60.0083	32			7.64051
25	55.462	32			11.0426
26	96.1377	29			2.32054
26	64.0327	29			4.48156
26	64.2823	29			3.95134
26	64.0327	29			5.19867
26	64.0327	29			3.33482
26	64.2823	29			4.51528
26	64.0327	29			3.82592
26	64.2823	29			3.26393
26	64.2823	29			7.55577
26	64.0327	29			4.87658
26	70.5594	29			3.94649
26	64.0327	29			3.99967
26	64.0327	29			4.83107
26	64.0327	29			3.99717
26	64.2823	29			8.06144
26	72.4165	29			2.32919
26	64.0327	29			4.8482
26	64.0327	29			5.26515
26	64.2823	29			3.6336
26	64.0327	29			3.8507
26	64.0327	29			4.01988
26	64.0327	29			4.35513
26	63.9002	29			3.71168
26	64.0327	29			3.68895
26	64.0327	29			5.84203
26	63.9002	29			3.60843
26	74.5318	29			3.12386
26	64.2823	29			2.64722
26	64.0327	29			8.54392
26	64.0327	29			3.97326
26	64.2823	28			3.46235
26	64.0327	29			4.71315
26	70.2461	29			3.9498
26	74.7849	29			3.54432
26	64.2823	29			4.57046
26	72.2926	29			3.02198
26	70.5628	29			3.04422
26	64.2823	29			5.02802
26	64.0327	29			3.32727
26	64.2823	28			3.17893
26	64.0327	29			3.34771
26	109.1	29			1.77648
26	64.2823	28			3.4437
26	70.117	29			3.31327
26	64.0327	29			3.68056
26	64.0327	29			4.64387
26	64.0327	29			4.10393
26	64.2823	29			3.83458
26	64.2823	29			3.957
26	64.0327	29			4.3249
27	77.0447	23			5.16007
27	75.9123	23			19.669
27	76.2183	23			17.1619
27	76.2183	23			3.02502
27	74.2433	23			4.20012
27	76.2183	23			6.25693
27	76.2183	23			6.81598
27	74.2433	23			5.62213
27	87.2433	23			4.46499
27	128.492	23			2.94334
27	75.9123	23			5.20212
27	74.2433	23			3.41691
27	75.9123	23			7.83304
27	76.2183	23			3.71709
27	77.0447	23			12.7962
27	75.9123	23			25.7557
27	76.2183	23			4.71771
27	77.0447	23			6.5831
27	74.2433	23			3.4817
27	74.2433	23			12.6035
27	75.9123	23			6.09778
27	75.9123	23			3.53387
27	76.2183	23			4.74819
27	77.0447	23			15.6662
27	77.0447	23			7.54598
27	74.2433	23			4.36849
27	76.2183	23			3.96148
27	105.964	23			2.95003
27	74.2433	23			5.96271
27	75.9123	23			3.23875
27	84.3578	23			4.5096
27	104.767	23			4.50229
27	90.4973	23			2.77199
27	77.0447	23			7.95136
27	79.1682	23			6.21209
27	89.7281	23			3.40336
27	75.9123	23			5.26247
27	75.9123	23			3.0758
27	75.9123	23			4.30023
27	76.2183	23			6.6374
27	76.2182	23			7.54613
27	76.2183	23			4.0056
27	75.9123	23			5.01704
27	74.2433	23			3.32233
27	76.2183	23			3.94573
27	77.0447	23			13.5156
27	74.2433	23			7.93277
27	99.4365	23			2.54883
27	74.2433	23			6.79067
27	76.2183	23			3.26594
28	71.3131	38			17.2993
28	76.3653	38			7.94458
28	76.3653	38			5.21567
28	73.8392	38			8.78023
28	76.3653	38			4.84846
28	71.3131	38			7.88277
28	73.8392	38			4.55343
28	73.8392	38			10.2725
28	76.3653	38			5.64461
28	76.3653	38			6.44576
28	73.8392	38			4.33619
28	71.3131	38			7.571
28	73.8392	38			4.75388
28	76.3653	38			4.5112
28	76.3653	38			6.50082
28	76.3653	38			7.48971
28	71.3131	38			32.0445
28	79.1106	38			5.97015
28	71.3131	38			24.5982
28	73.8392	38			6.95913
28	76.3653	38			5.50256
28	76.3653	38			9.26473
28	71.3131	38			22.858
28	73.8392	38			7.17412
28	73.8392	38			9.05518
28	76.3653	38			6.05867
28	86.7954	38			4.58987
28	76.3653	38			4.15354
28	73.8392	38			5.3759
28	84.6012	38			4.90214
28	76.3653	38			6.72397
28	73.8392	38			4.49921
28	71.3131	38			8.3821
28	73.8392	38			4.81521
28	76.3653	38			7.92181
28	71.3131	38			8.15316
28	76.3653	38			7.73208
28	73.62	38			4.21525
28	76.3653	38			6.94698
28	76.3653	38			8.27182
28	76.3653	38			4.63413
28	82.0751	38			5.8982
28	79.5491	38			6.22443
28	73.8392	38			7.79553
28	71.3131	38			35.75
28	78.9729	38			6.66767
28	71.3131	38			13.2841
28	81.1524	38			28.4907
28	71.3131	38			8.05905
28	71.3131	38			21.1178
29	76.5328	27			3.96253
29	76.5328	27			4.52077
29	76.5328	27			4.37955
29	76.5328	27			3.6147
29	82.1168	27			3.09077
29	116.374	27			5.45231
29	91.4891	27			5.05261
29	76.5328	27			3.5147
29	76.5328	27			3.38309
29	76.5328	27			3.52066
29	76.5328	27			3.73651
29	76.5328	27			3.34252
29	76.5328	27			4.02292
29	76.5328	27			3.91135
29	76.5328	27			3.37238
29	76.5328	27			3.44907
29	76.5328	27			3.76013
29	91.4891	27			4.92817
29	76.5328	27			3.78621
29	83.0146	27			5.11329
29	76.5328	27			3.63655
29	76.5328	27			3.21303
29	76.5328	27			3.776
29	76.5328	27			4.01442
29	83.0146	27			4.31914
29	76.5328	27			3.99781
29	76.5328	27			3.53683
29	76.5328	27			3.62788
29	76.5328	27			3.99497
29	76.5328	27			3.41966
29	76.5328	27			3.75274
29	76.5328	27			4.01024
29	76.5328	27			3.63016
29	76.5328	27			3.99861
29	76.5328	27			3.90389
29	76.5328	27			3.07942
29	76.5328	27			4.42788
29	76.5328	27			3.70703
29	76.5328	27			4.24352
29	76.5328	24			3.87459
29	76.5328	27			2.88453
29	76.5328	27			3.82328
29	76.5328	27			3.39285
29	76.5328	27			3.1877
29	76.5328	27			3.5777
29	76.5328	27			3.36816
29	76.5328	27			3.64888
29	76.5328	27			3.48942
29	76.5328	24			3.99413
29	76.5328	27			3.00218
30	78.6333	27			9.05452
30	76.8939	27			8.28464
30	82.5911	27			14.5125
30	78.3727	27			6.89962
30	81.1122	27			6.03299
30	81.1122	27			7.30262
30	78.3727	27			6.81447
30	79.6007	27			7.20206
30	78.4487	27			6.43796
30	74.6164	27			7.14382
30	74.6164	27			8.58408
30	78.0458	27			18.3555
30	77.8613	27			9.58714
30	78.5078	27			3.65367
30	74.6164	27			9.87179
30	74.6164	27			8.29114
30	74.6164	27			16.3126
30	76.1809	27			5.50247
30	78.6333	27			9.87628
30	80.6502	27			8.66828
30	76.1809	27			9.32782
30	79.6007	27			5.64104
30	78.5078	27			15.2011
30	102.046	27			10.455
30	76.1713	27			6.67704
30	75.9698	27			14.7944
30	78.7093	27			6.29021
30	75.9698	27			7.40331
30	79.5199	27			4.33097
30	75.9698	27			11.2309
30	77.7045	27			6.58931
30	78.3727	27			7.82368
30	78.0458	27			13.8026
30	83.3896	27			4.17433
30	79.1713	27			5.65811
30	76.1713	27			11.9116
30	78.3727	27			8.98159
30	80.6502	27			6.20648
30	80.6502	27			6.903
30	76.4415	27			7.64508
30	74.6164	27			8.42715
30	77.2304	27			14.2806
30	76.4318	27			19.3636
30	76.1713	27			7.76132
30	78.7093	27			7.05098
30	76.4318	27			9.31592
30	81.6526	27			5.81441
30	81.1122	27			8.96189
30	74.6164	27			6.37194
30	78.2473	27			23.4844
31	56.095	39			8.49916
31	55.6123	39			13.6995
31	60.2418	39			7.63113
31	60.2418	39			6.66148
31	55.5547	39			15.1766
31	63.0202	39			40.4889
31	56.095	39			33.7126
31	56.095	39			11.8201
31	76.3042	39			12.9344
31	56.095	39			17.1334
31	55.6123	39			16.475
31	56.095	39			10.57
31	57.7831	39			10.8274
31	57.7831	39			14.1324
31	59.0461	39			17.5591
31	72.0489	39			9.85088
31	55.6123	39			8.40715
31	55.6123	39			8.64217
31	56.095	39			9.30869
31	63.0202	39			12.3855
31	59.0461	39			13.5087
31	57.7831	39			6.91742
31	55.5547	39			14.3479
31	57.7831	39			5.98323
31	53.8666	39			23.518
31	56.095	39			10.7825
31	60.1267	39			134.392
31	56.095	39			8.40116
31	56.095	39			7.94507
31	56.095	39			20.0415
31	53.8666	39			16.4854
31	62.905	39			9.09454
31	55.6123	39			9.14023
31	53.8666	39			9.21125
31	55.5547	39			10.0793
31	56.095	39			8.40062
31	56.095	39			8.33877
31	56.095	39			12.58
31	58.3234	39			14.211
31	55.6123	39			7.33053
31	55.6123	39			26.2819
31	56.095	39			10.2847
31	56.095	39			12.5296
31	53.8666	39			11.7805
31	56.095	39			10.3984
31	56.095	39			9.48842
31	56.095	39			18.9208
31	137.725	39			2.77509
31	60.1267	39			17.3368
31	57.7831	39			12.8639
32	82.5491	28			8.55863
32	84.779	28			17.1323
32	82.5491	28			7.1633
32	84.779	28			19.8324
32	82.5491	28			12.5474
32	88.7522	28			5.79944
32	84.779	28			17.6733
32	86.7946	28			82.917
32	88.8103	28			5.70843
32	82.5491	28			14.9785
32	84.779	28			17.49
32	89.1808	28			19.1925
32	82.5491	28			9.19655
32	97.5647	28			3.60555
32	84.779	28			18.5483
32	84.779	28			9.06984
32	84.779	28			10.1109
32	83.5915	28			9.15429
32	82.5491	28			9.41211
32	82.5491	28			8.25663
32	84.779	28			15.6027
32	85.471	28			13.384
32	83.5915	28			12.9595
32	86.7946	28			11.7328
32	82.5491	28			8.88335
32	82.5491	28			23.3668
32	147.879	28			2.60824
32	84.779	28			20.4455
32	86.7946	28			12.5072
32	85.471	28			12.2736
32	82.5491	28			10.572
32	84.779	28			13.7969
32	84.779	28			18.5661
32	86.7946	28			37.3946
32	87.4085	28			13.5105
32	83.5915	28			10.3797
32	84.779	28			19.6171
32	82.5491	28			9.21052
32	82.5491	28			36.5864
32	86.7946	28			58.1697
32	84.779	28			37.724
32	88.4888	28			11.2542
32	86.7946	28			78.5569
32	86.7946	28			27.5435
32	84.4576	28			6.02448
32	82.5491	28			18.0633
32	86.7946	28			43.1298
32	84.779	28			18.5127
32	84.4576	28			13.8305
32	84.779	28			11.7561
33	89.8009	29			5.96808
33	79.3875	29			3.68146
33	79.3875	29			5.00236
33	79.0723	29			3.68125
33	79.0723	29			4.77162
33	79.0723	29			3.51578
33	88.8652	29			15.5901
33	77.1857	29			5.51918
33	80.7313	29			5.9215
33	79.3875	29			3.7895
33	79.3875	29			4.07095
33	79.0723	29			3.78006
33	82.6179	29			3.94963
33	77.1857	29			5.19664
33	89.2063	29			4.17336
33	80.7313	29			5.17894
33	77.1857	29			4.48802
33	77.1857	29			7.23735
33	79.0723	29			3.99661
33	77.1857	29			5.17879
33	79.0723	29			3.87653
33	77.1857	29			4.15333
33	77.1857	29			4.40022
33	82.3902	29			4.34695
33	79.0723	29			3.85
33	79.0723	29			4.06348
33	80.7313	29			5.14293
33	110.461	29			4.20838
33	82.85	29			4.26739
33	77.1857	29			5.53881
33	80.4991	29			4.29789
33	79.7643	29			4.41198
33	77.1857	29			3.44862
33	86.9786	29			15.7597
33	77.1857	29			4.45479
33	80.9589	29			4.6625
33	77.4134	29			4.50816
33	86.0232	29			3.76968
33	111.611	29			3.04085
33	77.1857	29			5.52628
33	77.1857	29			3.47724
33	111.738	29			4.94493
33	77.4134	29			4.08837
33	79.3045	29			3.08755
33	77.1857	29			3.45081
33	79.0723	29			4.56777
33	79.3875	29			4.88555
33	78.8446	29			4.3654
33	79.3875	29			3.0444
33	80.7313	29			4.09094
34	83.9765	30			7.8802
34	78.0342	30			5.0672
34	86.2877	30			4.56067
34	87.3765	30			4.24006
34	81.1037	30			8.12036
34	88.6203	30			5.56454
34	87.2481	30			12.1149
34	88.6952	30			5.1071
34	84.3872	30			5.98936
34	82.2781	30			3.97679
34	83.4695	30			10.4549
34	81.1037	30			4.94571
34	88.631	30			7.87328
34	78.0342	30			6.67133
34	81.1037	30			10.0374
34	88.6952	30			8.06518
34	91.0385	30			6.53155
34	84.8941	30			11.0302
34	82.9294	30			11.0255
34	86.8053	30			5.15083
34	83.5112	30			6.99102
34	79.6685	30			11.1617
34	81.1679	30			7.06709
34	84.5797	30			5.20901
34	86.7947	30			8.1098
34	84.969	30			7.09878
34	81.1679	30			7.48217
34	88.6203	30			8.32517
34	94.0973	30			7.8478
34	81.1679	30			13.7069
34	88.6203	30			4.9446
34	88.6952	30			9.42723
34	81.1037	30			8.98635
34	90.5315	30			4.56131
34	81.1037	30			8.82949
34	95.6503	30			5.16964
34	86.2877	30			7.74772
34	84.8941	30			7.09773
34	79.2674	30			15.6555
34	84.9048	30			13.3864
34	81.1037	30			9.00857
34	81.1037	30			8.18801
34	79.2674	30			11.6177
34	84.3872	30			6.60537
34	78.0342	30			10.0692
34	78.0342	30			6.32277
34	83.5112	30			11.8513
34	81.1679	30			8.59548
34	78.0342	30			7.38305
34	84.969	30			6.97879
35	72.9829	33			8.62133
35	65.7603	33			13.158
35	62.2694	33			17.851
35	67.153	33			53.5359
35	61.8927	33			14.1072
35	61.8927	33			44.6624
35	62.2694	33			18.4268
35	62.2694	33			18.8119
35	67.153	33			33.3586
35	61.8927	33			24.2731
35	62.2694	33			15.3678
35	62.2694	33			28.2488
35	68.2352	33			19.5157
35	67.153	33			67.6633
35	61.8927	33			22.0505
35	62.2694	33			6.90606
35	67.153	33			31.1416
35	63.5354	33			34.9187
35	67.153	33			13.1626
35	61.8927	33			61.1745
35	61.8927	33			62.6417
35	61.8927	33			24.1804
35	67.153	33			23.0357
35	67.153	33			17.7493
35	67.153	33			20.6307
35	71.0205	33			11.6978
35	61.8927	33			57.8502
35	67.153	33			95.8886
35	62.2694	33			14.87
35	62.2694	31			18.031
35	62.2694	33			17.5718
35	61.8927	33			23.115
35	68.2352	33			10.1659
35	67.153	33			64.4286
35	61.8927	33			52.3018
35	67.153	33			90.7617
35	61.8927	33			48.0303
35	62.2694	33			21.0678
35	72.9829	33			8.21041
35	68.9749	33			10.827
35	62.2694	33			43.6957
35	75.0811	33			7.59779
35	68.2352	33			7.66865
35	69.1153	33			23.7585
35	62.2694	33			7.23826
35	62.2694	33			39.888
35	61.8927	33			46.7091
35	67.153	33			136.606
35	67.153	33			13.2543
35	67.153	33			15.6544
36	65.7687	39			10.8872
36	65.1293	39			8.17748
36	65.0788	39			10.7929
36	65.0788	39			7.97856
36	69.1101	39			10.8439
36	67.2414	39			14.3366
36	64.9313	39			9.13628
36	66.9475	39			7.36024
36	67.3889	39			35.8028
36	65.5707	39			22.4908
36	69.1101	39			12.6921
36	70.9283	39			7.39389
36	67.3889	39			11.2011
36	72.8475	39			5.31371
36	64.9313	39			8.09169
36	66.9475	39			7.95178
36	67.3889	39			5.80503
36	65.0788	39			8.43502
36	66.9475	39			7.54793
36	81.1535	39			6.00151
36	69.1101	39			9.30271
36	66.9475	39			9.11962
36	65.0788	39			5.20129
36	65.5707	39			13.2332
36	64.9313	39			12.5986
36	65.0788	39			20.4312
36	69.2576	39			133.482
36	68.8162	39			13.7336
36	65.0788	39			17.7054
36	70.9283	39			5.15513
36	65.1293	39			12.3667
36	68.8162	39			7.99349
36	67.2414	39			10.1789
36	70.9283	39			6.08138
36	74.3192	39			42.3756
36	67.2414	39			9.66386
36	66.9475	39			9.01274
36	67.2414	39			9.58541
36	65.0788	39			12.4146
36	69.1101	39			17.9284
36	66.9475	39			10.1615
36	65.1293	39			20.8079
36	65.5707	39			44.8676
36	94.7727	39			4.23063
36	70.9283	39			7.82195
36	69.1101	39			16.8718
36	66.8	39			12.0355
36	65.0788	39			5.43665
36	67.3889	39			9.09529
36	68.8162	39			10.5554
37	82.1208	25			9.18952
37	83.4787	25			12.459
37	81.9471	25			7.79808
37	94.6778	25			9.26447
37	84.9678	25			5.88151
37	83.4787	25			6.19964
37	77.8688	25			21.404
37	90.015	25			5.27591
37	91.8723	25			4.44893
37	83.9597	25			15.0042
37	84.1738	25			15.5317
37	87.2624	25			5.47998
37	80.2796	25			12.9405
37	84.1738	25			8.69387
37	77.8688	25			40.9059
37	90.1565	25			4.20229
37	77.8688	25			28.9266
37	82.1208	25			5.13299
37	77.8688	25			26.7485
37	82.9091	25			53.5889
37	77.8688	25			33.8604
37	80.2796	25			10.5203
37	83.7733	25			14.6909
37	91.8723	25			16.4905
37	84.3303	25			5.18078
37	80.2796	25			8.14
37	82.1208	25			7.49674
37	77.8688	25			16.0924
37	85.1738	25			6.25216
37	84.9574	25			8.55408
37	87.4787	25			11.3766
37	77.8688	25			29.4549
37	85.9045	25			4.94872
37	89.4258	25			10.1123
37	77.8688	25			27.0165
37	80.1738	25			14.2987
37	83.8159	25			4.82896
37	80.1738	25			23.5544
37	79.8159	25			8.92178
37	77.8688	25			13.5279
37	87.4787	25			7.1977
37	77.8688	25			14.0793
37	85.5466	25			4.5589
37	88.2727	25			3.66235
37	99.3659	25			5.10068
37	83.8159	25			9.67675
37	94.1139	25			3.68881
37	77.8688	25			20.2274
37	79.8159	25			15.2151
37	82.1208	25			7.41256
38	83.6557	29			7.88724
38	77.3492	29			24.5401
38	74.6215	29			6.49151
38	72.2991	29			8.4963
38	77.3321	29			9.52058
38	74.8071	29			12.4395
38	74.8071	29			7.90962
38	73.6715	29			13.7259
38	78.3162	29			4.90206
38	75.1783	29			5.49393
38	77.0256	29			10.5176
38	77.3492	29			9.05464
38	74.8071	29			16.2124
38	75.9939	29			10.0321
38	75.5018	29			11.2348
38	75.1783	29			6.79174
38	74.2979	29			6.69547
38	77.0256	29			6.14352
38	79.1795	29			5.59956
38	78.8559	29			14.6537
38	77.0085	29			5.2282
38	77.3492	29			18.4812
38	75.5018	29			4.50398
38	74.1465	29			7.7814
38	73.6715	29			9.60837
38	77.0256	29			10.4875
38	75.1783	29			11.9088
38	78.4847	29			23.8705
38	74.8071	29			8.14483
38	75.5018	29			13.6248
38	74.1465	29			11.1755
38	79.1795	29			9.20123
38	73.6715	29			8.94539
38	81.6703	29			7.62411
38	74.8071	29			19.9988
38	78.8559	29			26.9665
38	75.5018	29			27.1095
38	79.6886	29			8.47025
38	77.0256	29			8.27223
38	72.2991	29			7.79077
38	79.1795	29			19.7354
38	75.9939	29			23.2109
38	74.8071	29			12.4527
38	77.0085	29			11.4012
38	79.6544	29			6.8273
38	75.1783	29			6.48036
38	79.1795	29			5.15887
38	77.0256	29			5.45436
38	77.3663	29			5.63214
38	77.0085	29			7.4339
39	97.3248	26			10.5916
39	95.9678	26			10.1764
39	107.034	26			5.84315
39	95.9678	26			5.41945
39	95.9678	26			5.74896
39	119.195	26			4.66367
39	97.2604	26			7.02464
39	95.9678	26			12.8061
39	97.8403	26			11.7654
39	98.1664	26			6.11641
39	100.365	26			12.7197
39	99.0161	26			5.59843
39	100.039	26			7.83884
39	95.9678	26			8.14463
39	109.095	26			3.72684
39	97.9047	26			6.41976
39	95.9678	26			13.0904
39	98.1664	26			4.87358
39	95.9678	26			8.55547
39	97.2604	26			7.62456
39	97.9047	26			4.27693
39	100.546	26			13.2204
39	95.9678	26			7.93765
39	101.183	26			4.04745
39	97.8403	26			10.4559
39	102.564	26			2.88697
39	97.2604	26			6.89989
39	97.2604	26			3.70338
39	106.57	26			3.05456
39	97.8403	26			9.97246
39	95.9678	26			13.0234
39	101.215	26			3.73171
39	95.9678	26			10.5421
39	97.2926	26			18.301
39	97.2604	26			3.43998
39	102.564	26			3.79306
39	96.4752	26			10.037
39	100.103	26			6.78342
39	100.103	26			4.9572
39	102.564	26			3.42811
39	95.9678	26			11.5061
39	97.3248	26			8.40295
39	95.9678	26			9.15049
39	101.626	26			5.6737
39	95.9678	26			5.30761
39	100.365	26			4.89631
39	95.9678	26			11.1272
39	97.2604	26			5.03231
39	97.8403	26			5.84096
39	97.2604	26			3.40341
40	73.3167	27			16.6488
40	65.8961	27			11.8754
40	71.18	27			12.3391
40	74.6256	27			7.21659
40	75.3715	27			5.45572
40	71.0298	27			7.40822
40	70.9942	27			8.28493
40	65.5573	27			11.9353
40	71.0298	27			5.60488
40	71.8576	27			7.36461
40	71.0298	27			5.89196
40	77.5438	27			9.74227
40	74.6256	27			5.09716
40	74.6256	27			7.60673
40	77.5438	27			5.39374
40	72.8277	27			7.82016
40	67.3551	27			8.02848
40	68.2618	27			5.35841
40	67.3551	27			14.3971
40	65.8961	27			5.83091
40	72.4533	27			4.30783
40	67.3551	27			15.2476
40	68.2618	27			6.24812
40	74.2868	27			18.9879
40	65.5573	27			4.76762
40	70.6554	27			14.2434
40	71.7988	27			32.6068
40	73.436	27			5.90039
40	71.0298	27			5.90592
40	67.923	27			5.20861
40	71.0298	27			7.29236
40	73.3167	27			15.4366
40	71.0298	27			7.65988
40	74.7478	27			4.30358
40	70.411	27			8.93861
40	77.5592	27			7.15133
40	70.6554	27			14.0269
40	72.4533	27			11.7168
40	70.9913	27			8.45183
40	65.5573	27			10.0089
40	73.3167	27			22.0569
40	65.8961	27			12.0906
40	71.5544	27			8.30065
40	67.3551	27			7.77013
40	70.9942	27			11.1142
40	73.9634	27			22.4975
40	74.2868	27			6.83413
40	65.8961	27			5.75957
40	72.5043	27			17.1946
40	70.9942	27			5.31846
41	75.4536	22			13.7497
41	96.1793	22			2.90903
41	75.7405	22			9.50208
41	74.3776	22			11.73
41	74.3776	22			12.3753
41	74.3987	22			20.8448
41	76.6181	22			4.24284
41	73.5211	22			6.73569
41	73.9599	22			6.31626
41	74.3776	22			8.67057
41	74.8924	22			9.30277
41	75.8165	22			10.4009
41	76.6181	22			5.33253
41	84.6646	22			4.02219
41	96.5886	22			3.25132
41	76.9409	22			4.97268
41	96.2257	22			3.11022
41	73.5211	22			11.1785
41	73.3987	22			6.74063
41	77.884	22			12.2908
41	79.6646	22			4.22806
41	73.3987	22			10.344
41	76.6181	22			5.50857
41	73.5211	22			9.02978
41	73.3987	22			6.83784
41	73.9599	22			7.45608
41	73.5211	22			7.99983
41	74.3987	22			6.37105
41	70.0464	22			7.02579
41	74.3987	22			8.66921
41	71.6751	22			25.0778
41	73.9599	22			13.4302
41	74.5295	22			6.51454
41	72.1793	22			12.1026
41	73.5211	22			6.91862
41	78.0359	22			5.76643
41	73.5211	22			7.88842
41	74.3776	22			7.73434
41	73.9599	22			8.41189
41	74.7405	22			13.2245
41	73.9599	22			8.94578
41	74.5295	22			10.0958
41	79.8924	22			3.46444
41	73.5211	22			6.38567
41	75.7405	22			8.18391
41	72.6181	22			10.0818
41	78.0359	22			2.3215
41	75.7405	22			20.9751
41	74.3776	22			9.14212
41	73.5211	22			5.94102
42	92.0125	32			10.414
42	92.2602	32			16.7918
42	94.3009	32			5.86454
42	88.5162	32			42.1502
42	94.8861	32			11.2261
42	92.2602	32			6.28936
42	94.3009	32			5.62162
42	94.8036	32			8.23662
42	92.5977	32			46.6816
42	92.7628	32			10.4862
42	92.2602	32			28.9699
42	92.7628	32			5.90165
42	94.8036	32			8.14166
42	90.2194	32			7.04223
42	92.6802	32			26.6169
42	120.245	32			4.38505
42	100.423	32			14.2438
42	94.3009	32			8.57698
42	92.5152	32			12.8452
42	92.2602	32			5.82864
42	103.049	32			20.401
42	92.2602	32			14.4826
42	94.3009	32			6.11165
42	92.2602	32			11.1364
42	90.2194	32			6.45296
42	92.5152	32			10.7104
42	98.3825	32			8.0073
42	94.8861	32			8.56889
42	90.2194	32			6.29399
42	94.3009	32			8.3572
42	94.5099	32			6.96308
42	94.8036	32			19.1938
42	117.334	32			6.19057
42	90.3919	32			6.11342
42	90.5569	32			20.684
42	88.3511	32			14.7815
42	89.9718	32			7.72887
42	90.3919	32			34.1509
42	94.1358	32			22.5212
42	100.926	32			4.86727
42	98.3825	32			5.38061
42	88.3511	32			9.86038
42	98.465	32			6.20583
42	92.2602	32			6.03713
42	88.5162	32			20.3839
42	92.2602	32			12.5338
42	90.5569	32			9.5949
42	94.8861	32			23.9049
42	92.5152	32			11.645
42	90.2194	32			7.95903
43	76.9933	33			10.6801
43	76.9933	33			18.1743
43	76.9933	33			5.33648
43	78.8608	33			67.2086
43	84.3718	33			6.28243
43	78.8608	33			8.7741
43	78.8608	33			21.329
43	81.4423	33			53.1112
43	82.3842	33			4.97785
43	78.8608	33			5.36061
43	76.9933	33			7.28116
43	78.8608	33			18.4101
43	82.8751	33			20.5585
43	76.9933	33			6.63036
43	81.4423	33			30.5991
43	78.9104	33			15.8136
43	82.3842	33			8.58926
43	78.8608	33			95.4675
43	76.9933	33			65.0174
43	81.4423	33			39.9889
43	78.8608	33			11.9725
43	78.8608	33			8.40253
43	81.0076	33			6.9121
43	78.8608	33			52.6642
43	76.9933	33			4.26986
43	78.8608	33			53.7584
43	81.142	33			12.1304
43	78.8608	33			26.364
43	78.8608	33			54.3501
43	78.8608	33			9.96786
43	82.8751	33			14.6945
43	81.0076	33			5.52024
43	78.8608	33			19.8065
43	79.3451	33			40.0508
43	82.3842	33			6.69628
43	81.5624	33			27.5829
43	78.8608	33			17.2043
43	82.3842	33			6.77434
43	78.8608	33			14.7618
43	82.3842	33			14.29
43	76.9933	33			8.28761
43	82.6949	33			10.6598
43	86.5891	33			7.63113
43	84.856	33			14.5165
43	82.8751	33			24.8338
43	82.3842	33			6.95822
43	81.0076	33			3.99385
43	78.8608	33			66.2396
43	81.0076	33			9.18856
43	84.856	33			46.7236
44	95.7357	25			3.4477
44	88.7544	25			4.47101
44	93.3965	25			3.25283
44	90.6652	25			3.55215
44	90.6652	25			4.62948
44	93.3965	25			11.6496
44	88.8326	25			2.93875
44	89.8855	25			5.02085
44	90.6652	25			2.97991
44	88.7544	25			4.34307
44	93.3965	25			3.13535
44	93.3965	25			3.91423
44	89.8855	25			5.21331
44	93.3965	25			5.87634
44	90.6652	25			3.22443
44	91.7962	25			3.65259
44	96.946	25			8.16228
44	93.3965	25			5.81416
44	91.1355	25			7.7601
44	93.3965	25			5.00347
44	93.3965	25			6.37629
44	88.7544	25			3.50773
44	93.3965	25			2.98752
44	88.7544	25			6.51688
44	95.7357	25			3.24216
44	90.6652	25			2.71289
44	88.2489	25			3.85905
44	88.7544	25			4.8168
44	90.6652	25			4.9415
44	88.7544	25			3.98971
44	91.7962	25			4.94131
44	88.8326	25			3.28187
44	93.3965	25			4.22375
44	88.7544	25			3.65013
44	93.3965	25			6.2271
44	92.2247	25			3.23684
44	88.7544	25			4.8268
44	88.8326	25			3.50393
44	90.6652	25			6.99924
44	92.9262	25			3.8171
44	86.4934	25			3.75257
44	93.3965	25			6.62803
44	88.7544	25			3.83739
44	91.1355	25			4.82478
44	102.52	25			2.92868
44	93.3965	25			5.14791
44	93.3965	25			5.54616
44	97.6465	25			6.74717
44	93.3965	25			5.58712
44	92.2247	25			7.56032
45	96.5567	28			6.95819
45	90.2387	28			14.4288
45	96.0332	28			4.2437
45	90.2387	28			16.2041
45	117.965	28			4.06148
45	90.2387	28			11.586
45	94.8346	28			18.0289
45	93.7741	28			9.48829
45	93.7289	28			29.8206
45	91.5618	28			17.6722
45	93.7741	28			32.3157
45	106.947	28			13.9684
45	93.7289	28			32.932
45	93.8661	28			69.8054
45	91.5618	28			15.3224
45	94.1398	28			8.50159
45	93.8661	28			31.9787
45	93.8661	28			58.3822
45	102.363	28			5.82831
45	93.7289	28			25.6462
45	90.2387	28			9.29688
45	93.7289	28			8.88311
45	98.4501	28			20.0189
45	104.541	28			5.20458
45	99.8201	28			6.92329
45	91.5618	28			8.0288
45	94.3112	28			7.33249
45	94.3112	28			5.61474
45	119.687	28			13.0385
45	95.9864	28			15.4245
45	93.8661	28			50.4019
45	91.5618	28			8.54689
45	90.2387	28			9.76192
45	98.4501	28			14.7021
45	99.8201	28			5.64791
45	90.2387	28			16.7848
45	101.861	28			5.90603
45	130.602	28			2.74977
45	99.8201	28			5.38384
45	90.2387	28			30.5878
45	102.339	28			13.1334
45	90.2387	28			8.6219
45	90.2387	28			7.22511
45	93.7741	28			5.97657
45	96.3069	28			8.18458
45	93.8542	28			10.3334
45	97.653	28			4.43415
45	90.2387	28			7.21692
45	96.1236	28			5.51256
45	91.5618	28			12.7984
46	100.023	22			4.71
46	103.87	22			8.26848
46	103.87	22			3.57166
46	92.2601	22			4.4076
46	92.2601	22			6.35844
46	103.87	22			2.90845
46	100.046	22			4.11983
46	107.225	22			3.58479
46	96.1301	22			3.91654
46	101.946	22			4.24095
46	92.2601	22			4.38437
46	100.953	22			7.75704
46	101.946	22			2.97115
46	100.023	22			3.63812
46	92.2601	22			3.23235
46	100.442	22			2.01859
46	100.023	22			4.36145
46	100.023	22			3.34022
46	107.763	22			2.24433
46	92.2601	22			4.21549
46	101.946	22			4.25117
46	92.2601	22			7.16129
46	92.2601	22			4.27468
46	100.023	22			3.61088
46	92.2601	22			4.5179
46	100.023	22			3.8945
46	100.953	22			5.43801
46	92.2601	22			3.87676
46	104.311	22			4.18318
46	92.2601	22			3.05545
46	103.87	22			3.05244
46	105.435	22			4.4558
46	100.023	22			4.10828
46	92.2601	22			3.93322
46	103.234	22			2.20546
46	103.87	22			5.57285
46	103.87	22			4.60161
46	92.2601	22			3.49615
46	100.442	22			2.75059
46	111.67	22			1.83183
46	103.87	22			4.11796
46	101.946	22			4.31988
46	101.946	22			4.59916
46	92.2601	22			3.52154
46	100.023	22			5.17468
46	100.953	22			10.3397
46	100.023	22			3.66322
46	100.953	22			7.99717
46	96.1301	22			8.80856
46	92.2601	22			3.22192
47	71.3108	39			7.98387
47	67.6683	39			21.1836
47	69.6405	39			15.7477
47	66.5511	39			17.3289
47	67.4995	39			10.0684
47	67.4995	39			11.1612
47	66.5511	39			20.8052
47	69.6405	39			16.2599
47	74.8878	39			14.0585
47	68.7339	39			17.0048
47	69.6405	39			10.5222
47	67.4995	39			14.5501
47	67.4995	39			36.5547
47	70.7398	39			20.9713
47	70.7398	39			46.69
47	69.6405	39			12.4632
47	73.9176	39			15.5115
47	67.4995	39			9.89935
47	69.6405	39			77.4422
47	70.7398	39			9.67602
47	70.7398	39			20.4693
47	70.1281	39			9.75245
47	80.3704	39			19.8993
47	94.9781	39			3.8484
47	84.0645	39			10.2166
47	73.9176	39			34.9637
47	79.9762	39			9.85997
47	69.6405	39			24.6847
47	69.6405	39			12.8827
47	66.5511	39			9.72481
47	64.7627	39			14.6438
47	70.7398	39			51.6986
47	78.3049	39			6.50461
47	76.282	39			6.78216
47	72.8649	39			11.6467
47	70.7398	39			18.2305
47	66.5511	39			12.6504
47	70.7398	39			22.5902
47	67.6683	39			20.2754
47	67.6683	39			8.7436
47	66.5511	39			10.939
47	67.1629	39			53.3916
47	69.288	39			39.6121
47	72.8649	39			15.9186
47	66.5511	39			16.8072
47	76.6763	39			3.92581
47	66.5511	39			37.5092
47	67.4995	39			14.1354
47	78.5819	39			9.29609
47	69.288	39			10.9353
48	127.425	35			3.43601
48	94.7207	35			17.709
48	94.7207	35			16.5918
48	90.0216	35			6.66803
48	90.6364	35			10.7468
48	100.429	35			6.26234
48	96.4236	35			48.0681
48	94.7207	35			14.1717
48	98.7263	35			7.34607
48	127.425	35			3.43279
48	94.7207	35			8.09256
48	113.727	35			7.02074
48	95.4105	35			15.0472
48	94.7207	35			11.0313
48	90.6364	35			33.6519
48	94.7207	35			8.5906
48	99.4949	35			10.9063
48	90.6364	35			8.04082
48	94.7207	35			8.8979
48	95.4105	35			21.6382
48	109.666	35			4.96483
48	90.6364	35			8.31169
48	96.4236	35			14.7021
48	94.7207	35			12.9323
48	96.4236	35			18.2269
48	91.6476	35			10.0556
48	98.4264	35			20.8044
48	96.4236	35			5.67796
48	109.666	35			6.65188
48	94.7207	35			10.8329
48	100.429	35			33.9978
48	95.4105	35			23.0277
48	120.191	35			16.3751
48	94.642	35			11.9995
48	94.7207	35			13.5974
48	91.6476	35			33.7053
48	98.4264	35			5.77157
48	113.672	35			4.20113
48	98.3477	35			13.6721
48	98.4264	35			5.04378
48	94.7207	35			18.4093
48	94.642	35			8.32899
48	96.4236	35			9.30583
48	90.6364	35			8.39013
48	96.4236	35			120.025
48	94.7207	35			12.6409
48	98.4264	35			6.73607
48	94.7207	35			26.2447
48	96.4236	35			9.95158
48	94.7207	35			22.359
49	69.1403	45			20.2767
0	0	0			0
49	69.0576	45			21.9036
0	0	0			0
49	67.2518	45			15.6742
0	0	0			0
49	67.3345	45			24.4626
0	0	0			0
49	80.5755	45			12.3381
0	0	0			0
49	67.2518	45			12.0659
0	0	0			0
49	65.446	45			15.2251
0	0	0			0
49	71.3777	45			32.0206
0	0	0			0
49	89.1583	45			7.99127
0	0	0			0
49	117.687	45			7.04799
0	0	0			0
49	69.1403	45			16.6968
0	0	0			0
49	69.223	45			18.726
0	0	0			0
49	69.223	45			13.6053
0	0	0			0
49	69.223	45			12.7792
0	0	0			0
49	67.3345	45			17.132
0	0	0			0
49	76.6942	45			12.5677
0	0	0			0
49	76.8777	45			38.3575
0	0	0			0
49	69.223	45			26.7549
0	0	0			0
49	69.223	45			9.12321
0	0	0			0
49	69.223	45			13.1522
0	0	0			0
49	71.3777	45			15.9969
0	0	0			0
49	69.223	45			25.7222
0	0	0			0
49	69.1403	45			12.4984
0	0	0			0
49	74.8885	45			31.8462
0	0	0			0
49	67.3345	45			23.42
0	0	0			0
49	69.223	45			20.4468
0	0	0			0
49	67.3345	45			19.0192
0	0	0			0
49	69.223	45			17.0171
0	0	0			0
49	69.223	45			12.2594
0	0	0			0
49	69.1403	45			17.835
0	0	0			0
49	79.2842	45			21.0114
0	0	0			0
49	67.3345	45			93.1143
0	0	0			0
49	69.1403	45			14.816
0	0	0			0
49	69.223	45			7.91599
0	0	0			0
49	67.3345	45			18.9416
0	0	0			0
49	69.223	45			10.4248
0	0	0			0
49	73.1835	45			26.7988
0	0	0			0
49	69.223	45			31.1805
0	0	0			0
49	82.1115	45			11.7809
0	0	0			0
49	67.2518	45			37.9847
0	0	0			0
49	71.0288	45			9.73632
0	0	0			0
49	67.3345	45			14.0837
0	0	0			0
49	74.8885	45			12.4368
0	0	0			0
49	76.6942	45			9.50804
0	0	0			0
49	73.1835	45			48.8046
0	0	0			0
49	69.223	45			16.729
0	0	0			0
49	69.1403	45			18.5401
0	0	0			0
49	75.0719	45			21.4445
0	0	0			0
49	73.1835	45			78.1943
0	0	0			0
49	69.1403	45			12.9161
0	0	0			0
